siegeModifier = 10 

goods = { food iron wood }

pop_needs = {
  level = {
    food = 2
    mortality = 1.1
  }
  level = {
    wood = 1
    iron = 1
    food = 1
    labor = 0.1
    mortality = 1.0
  }
  level = {
    labor = 1
    mortality = 0.9
  }
}

farmland = {
  labourToSow   = 20
  labourToPlow  = 100
  labourToClear = 1000
  labourToWeed  = 50
  labourToReap  = 100
  cropsFrom3    = 700
  cropsFrom2    = 600
  cropsFrom1    = 500

  capital = {
    wood = 0.1
  }  

  output = food 
}

forest = {
  labourToTend    = 5
  labourToHarvest = 50
  labourToClear   = 250
  amountOfWood = { 0 0 1 2 5 10 25 50 100 250 }

  capital = {
    iron = 0.1
  }
  output = wood
}

mine = {
  status = {
    name = surface
    requiredLabour = 10
  }
  status = {
    name = easy
    requiredLabour = 25
  }
  status = {
    name = medium
    requiredLabour = 50
  }
  status = {
    name = deep
    requiredLabour = 100
  }
  status = {
    name = modern
    requiredLabour = 1000
  }

  capital = {
    iron = 0.1
  }
  output = iron
  amount = 50
}

femaleFert = { 
  0.00 0.00 0.00 0.00 0.00 0.00 0.00 0.00 0.00 0.00 
  0.00 0.00 0.00 0.00 0.00 0.33 0.33 0.33 0.33 0.33
  0.30 0.30 0.30 0.30 0.30 0.25 0.25 0.25 0.25 0.25 
  0.20 0.20 0.20 0.20 0.20 0.10 0.10 0.10 0.10 0.10 
  0.09 0.08 0.07 0.06 0.05 0.02 0.01 0.01 0.00 0.00 
  0.00 0.00 0.00 0.00 0.00 0.00 0.00 0.00 0.00 0.00 
  0.00 0.00 0.00 0.00 0.00 0.00 0.00 0.00 0.00 0.00 
  0.00 0.00 0.00 0.00 0.00 0.00 0.00 0.00 0.00 0.00 }
pairChance = {
  0.33 0.33 0.33 0.40 0.40 0.40 0.40 0.40 0.33 0.33 
  0.25 0.25 0.25 0.25 0.20 0.20 0.15 0.15 0.15 0.15
  0.10 0.10 0.10 0.10 0.10 0.10 0.10 0.10 0.10 0.10 
  0.05 0.05 0.05 0.05 0.05 0.05 0.05 0.05 0.05 0.05 
  0.03 0.03 0.03 0.03 0.03 0.02 0.02 0.02 0.02 0.02 
  0.01 0.01 0.01 0.01 0.01 0.01 0.01 0.01 0.01 0.01 
  0.01 0.01 0.01 0.01 0.01 0.01 0.01 0.01 0.01 0.01 
  0.01 0.01 0.01 0.01 0.01 0.01 0.01 0.01 0.01 0.01 }
maleMort = { 
  0.250 0.200 0.100 0.010 0.001 0.001 0.001 0.001 0.001 0.001 
  0.001 0.001 0.001 0.001 0.002 0.002 0.002 0.002 0.002 0.002 
  0.002 0.002 0.002 0.002 0.002 0.001 0.001 0.001 0.001 0.001 
  0.002 0.002 0.002 0.002 0.002 0.003 0.003 0.003 0.003 0.003 
  0.005 0.005 0.005 0.005 0.005 0.005 0.005 0.005 0.005 0.005 
  0.010 0.010 0.010 0.010 0.010 0.025 0.025 0.025 0.025 0.025 
  0.050 0.050 0.050 0.050 0.050 0.050 0.050 0.050 0.050 0.050 
  0.050 0.060 0.070 0.080 0.090 0.100 0.110 0.120 0.130 0.150 }
femaleMort = { 
  0.250 0.200 0.100 0.010 0.001 0.001 0.001 0.001 0.001 0.001 
  0.001 0.001 0.001 0.001 0.001 0.001 0.001 0.001 0.001 0.001 
  0.001 0.001 0.001 0.001 0.001 0.001 0.001 0.001 0.001 0.001 
  0.002 0.002 0.002 0.002 0.002 0.003 0.003 0.003 0.003 0.003 
  0.005 0.005 0.005 0.005 0.005 0.005 0.005 0.005 0.005 0.005 
  0.008 0.008 0.008 0.008 0.008 0.010 0.010 0.010 0.010 0.010 
  0.010 0.010 0.010 0.010 0.020 0.020 0.020 0.020 0.020 0.020 
  0.050 0.060 0.070 0.080 0.090 0.100 0.110 0.120 0.130 0.150 }
production = { 
  0.00 0.00 0.00 0.00 0.00 0.00 0.00 0.00 0.00 0.00 
  0.10 0.25 0.50 0.60 0.70 0.80 0.90 1.00 1.00 1.00 
  1.00 1.00 1.00 1.00 1.00 1.00 1.00 1.00 1.00 1.00 
  1.00 1.00 1.00 1.00 1.00 1.00 1.00 1.00 1.00 1.00 
  0.90 0.90 0.90 0.90 0.90 0.00 0.90 0.90 0.90 0.90 
  0.80 0.70 0.60 0.50 0.40 0.30 0.20 0.10 0.05 0.05 
  0.02 0.02 0.02 0.02 0.02 0.01 0.01 0.01 0.01 0.01 
  0.00 0.00 0.00 0.00 0.00 0.00 0.00 0.00 0.00 0.00 }
consumption = { 
  0.05 0.05 0.08 0.08 0.10 0.10 0.12 0.12 0.12 0.12 
  0.13 0.13 0.14 0.14 0.16 0.18 0.20 0.22 0.25 0.25 
  0.25 0.25 0.25 0.25 0.25 0.25 0.25 0.25 0.25 0.25 
  0.25 0.25 0.25 0.25 0.25 0.25 0.25 0.25 0.25 0.25 
  0.25 0.25 0.25 0.25 0.25 0.25 0.25 0.25 0.25 0.25 
  0.25 0.25 0.25 0.25 0.25 0.25 0.25 0.25 0.25 0.25 
  0.20 0.20 0.20 0.20 0.20 0.18 0.18 0.18 0.18 0.18 
  0.15 0.15 0.15 0.15 0.15 0.15 0.15 0.15 0.15 0.15 }
recruit = {
  0.00 0.00 0.00 0.00 0.00 0.00 0.00 0.00 0.00 0.00
  0.00 0.00 0.00 0.00 0.01 0.10 0.50 1.00 1.00 1.00
  1.00 1.00 1.00 1.00 1.00 0.75 0.75 0.75 0.75 0.75 
  0.50 0.50 0.50 0.50 0.50 0.50 0.50 0.50 0.50 0.50 
  0.25 0.25 0.25 0.25 0.25 0.10 0.10 0.10 0.10 0.10
  0.00 0.00 0.00 0.00 0.00 0.00 0.00 0.00 0.00 0.00
  0.00 0.00 0.00 0.00 0.00 0.00 0.00 0.00 0.00 0.00
  0.00 0.00 0.00 0.00 0.00 0.00 0.00 0.00 0.00 0.00 }
femaleProduction = 0.5 
femaleConsumption = 0.9 
femaleSurplusEffect = -2.0 
femaleSurplusZero = 1.0
